00000000 00000000 ---- 1
00000011 00000100 0000 0
01000001 00000000 1100 0
01000010 00000001 1100 0
01000011 00000010 1100 0
01000100 00000011 1100 0
00000000 00000011 1101 0
00000000 00000000 1111 0
00000000 00000000 1111 0
00000000 00000000 1111 0
00000000 00000000 1111 0
00001100 00001101 0000 0
00000000 00000011 1110 0
00000000 00000000 1111 0
00000000 00000000 1111 0
00000000 00000000 1111 0
00000000 00000000 1111 0
00000000 00000000 1111 0
00000000 00000000 1111 0
00000001 00000001 0000 0
00000000 00000000 1111 0
00000000 00000000 1111 0
00000000 00000000 1111 0
00000000 00000000 1111 0
00000000 00000000 1111 0
00000000 00000000 1111 0
00000000 00000000 1111 0
00000000 00000000 1111 0
00000000 00000000 1111 0
00000000 00000000 1111 0
00000000 00000000 1111 0
00000000 00000000 1111 0
00000000 00000000 1111 0
00000000 00000000 1111 0
00000000 00000000 1111 0
00000000 00000000 1111 0
00000000 00000000 1111 0
00000000 00000000 1111 0
00000000 00000000 1111 0
00000000 00000000 1111 0
00000000 00000000 1111 0
00000000 00000000 1111 0
00000000 00000000 1111 0
00000000 00000000 1111 0
00000000 00000000 1111 0
00000000 00000000 1111 0
00000000 00000000 1111 0
00000000 00000000 1111 0
00000000 00000000 1111 0
00000000 00000000 1111 0
00000000 00000000 1111 0
00000000 00000000 1111 0
00000000 00000000 1111 0
00000000 00000000 1111 0
00000000 00000000 1111 0
00000000 00000000 1111 0
00000000 00000000 1111 0
00000000 00000000 1111 0
00000000 00000000 1111 0
00000000 00000000 1111 0
00000000 00000000 1111 0
00000000 00000000 1111 0
00000000 00000000 1111 0
00000000 00000000 1111 0
00000000 00000000 1111 0
00000000 00000000 1111 0
00000000 00000000 1111 0
00000000 00000000 1111 0
00000000 00000000 1111 0
00000000 00000000 1111 0
00000000 00000000 1111 0
00000000 00000000 1111 0
00000000 00000000 1111 0
00000000 00000000 1111 0
00000000 00000000 1111 0
00000000 00000000 1111 0
00000000 00000000 1111 0
00000000 00000000 1111 0
00000000 00000000 1111 0
00000000 00000000 1111 0
00000000 00000000 1111 0
00000000 00000000 1111 0
00000000 00000000 1111 0
00000000 00000000 1111 0
00000000 00000000 1111 0
00000000 00000000 1111 0
00000000 00000000 1111 0
00000000 00000000 1111 0
00000000 00000000 1111 0
00000000 00000000 1111 0
00000000 00000000 1111 0
00000000 00000000 1111 0
00000000 00000000 1111 0
00000000 00000000 1111 0
00000000 00000000 1111 0
00000000 00000000 1111 0
00000000 00000000 1111 0
00000000 00000000 1111 0
00000000 00000000 1111 0
00000000 00000000 1111 0
00000000 00000000 1111 0
00000000 00000000 1111 0
00000000 00000000 1111 0
00001000 00001000 0000 0
01111111 00000001 0000 0
01111111 01111111 0000 0
01111111 10000001 0000 0
01111111 10000000 0000 0
10000000 10000000 0000 0
10000000 10000001 0000 0
00101011 01111010 0000 0
00000000 00000000 0001 0
00000111 00000100 0001 0
00000100 00000111 0001 0
00000111 00000111 0001 0
10000000 10000000 0001 0
10000000 00000001 0001 0
10000000 01111111 0001 0
10011100 11111111 0001 0
10011100 00000001 0001 0
10011100 00110010 0001 0
00101010 00000010 0001 0
00000010 00000010 0010 0
01111111 01111111 0010 0
01111111 10000001 0010 0
00000011 00000111 0010 0
01100100 01100101 0010 0
10000000 00000000 0010 0
10000000 10000000 0010 0
11111111 11111111 0010 0
00000010 00000010 0011 0
01111111 01111111 0011 0
01111111 10000001 0011 0
00000011 00000111 0011 0
01100100 01100101 0011 0
10000000 00000000 0011 0
10000000 10000000 0011 0
11111111 11111111 0011 0
00000000 00000000 0100 0
00001111 00000000 0100 0
01111111 00000000 0100 0
00101010 00000000 0100 0
00000001 00000000 0100 0
11110001 00000000 0100 0
10000001 00000000 0100 0
11010110 00000000 0100 0
11111111 00000000 0100 0
10000000 00000000 0100 0
00000000 00000000 0101 0
00001111 00000000 0101 0
01111111 00000000 0101 0
00101010 00000000 0101 0
00000001 00000000 0101 0
11110001 00000000 0101 0
10000001 00000000 0101 0
00101010 00000000 0101 0
11111111 00000000 0101 0
10000000 00000000 0101 0
00000000 00000000 0110 0
00001111 00000000 0110 0
01111111 00000000 0110 0
00101010 00000000 0110 0
00000001 00000000 0110 0
11110001 00000000 0110 0
10000001 00000000 0110 0
00101010 00000000 0110 0
11111111 00000000 0110 0
10000000 00000000 0110 0
00000000 00000000 0111 0
01010101 00000000 0111 0
00110011 00000000 0111 0
00001111 00000000 0111 0
11110000 00000000 0111 0
11001100 00000000 0111 0
10101010 00000000 0111 0
00010000 00000000 0111 0
11111111 00000000 0111 0
11111110 00000000 0111 0
11111100 00000000 0111 0
00000001 00000000 0111 0
00000000 00000000 1000 0
01010101 00000000 1000 0
00110011 00000000 1000 0
00001111 00000000 1000 0
11110000 00000000 1000 0
11001100 00000000 1000 0
10101010 00000000 1000 0
00010000 00000000 1000 0
11111111 00000000 1000 0
11111110 00000000 1000 0
11111100 00000000 1000 0
00000001 00000000 1000 0
00001000 00001000 1001 0
01111111 00000001 1001 0
01111111 01111111 1001 0
01111111 10000001 1001 0
01111111 10000000 1001 0
10000000 10000000 1001 0
10000000 10000001 1001 0
00101011 01111010 1001 0
00101011 01111010 1001 0